              precision    recall  f1-score   support

           0     0.9939    0.9929    0.9934       980
           1     0.9895    0.9991    0.9943      1135
           2     0.9913    0.9884    0.9898      1032
           3     0.9940    0.9881    0.9911      1010
           4     0.9899    0.9939    0.9919       982
           5     0.9833    0.9888    0.9860       892
           6     0.9916    0.9854    0.9885       958
           7     0.9846    0.9932    0.9889      1028
           8     0.9907    0.9877    0.9892       974
           9     0.9910    0.9812    0.9861      1009

    accuracy                         0.9900     10000
   macro avg     0.9900    0.9899    0.9899     10000
weighted avg     0.9900    0.9900    0.9900     10000
